21 144
23 147
24 137
24 139
24 143
24 145
25 136
25 137
25 141
25 144
25 145
26 133
26 134
26 152
27 136
27 143
27 152
28 150
28 156
29 128
30 132
30 137
30 141
30 146
30 149
30 150
31 126
31 129
31 131
31 142
31 145
31 149
31 152
31 155
32 123
32 124
32 126
32 130
32 137
32 139
33 125
33 138
33 143
33 147
33 148
33 150
33 159
34 126
34 135
34 150
34 151
34 163
34 167
35 118
35 135
35 136
35 138
35 141
35 149
35 160
36 116
36 117
36 119
36 124
36 135
36 141
36 142
36 149
36 153
36 154
36 155
36 159
37 121
37 122
37 150
37 157
37 162
37 168
38 121
38 136
38 142
38 161
38 162
38 168
38 174
39 118
39 123
39 124
39 127
39 131
39 139
39 153
39 158
39 168
40 122
40 136
40 139
40 145
40 154
40 155
40 157
40 161
40 166
40 168
40 174
40 177
40 178
41 108
41 110
41 116
41 119
41 121
41 124
41 130
41 132
41 133
41 134
41 142
41 160
41 166
41 180
42 106
42 126
42 138
42 144
42 167
42 175
42 176
43 109
43 121
43 135
43 144
43 145
43 150
43 174
43 183
43 184
44 106
44 114
44 124
44 130
44 143
44 151
44 153
44 159
44 172
44 175
44 176
45 100
45 105
45 122
45 132
45 135
45 136
45 137
45 138
45 161
45 165
45 175
45 180
45 181
46 103
46 107
46 108
46 119
46 129
46 140
46 141
46 143
46 153
46 161
46 164
46 167
46 181
47 99
47 101
47 107
47 110
47 120
47 132
47 136
47 148
47 161
47 169
47 180
47 188
48 95
48 97
48 107
48 116
48 124
48 126
48 127
48 129
48 140
48 144
48 150
48 152
48 160
48 161
48 165
48 166
48 169
48 175
48 177
48 181
49 94
49 106
49 109
49 118
49 119
49 122
49 126
49 137
49 161
49 173
49 176
49 182
49 185
49 186
49 193
50 95
50 96
50 103
50 104
50 107
50 121
50 122
50 128
50 129
50 130
50 133
50 143
50 146
50 155
50 157
50 175
50 178
50 189
50 196
51 92
51 100
51 121
51 122
51 145
51 151
51 152
51 158
51 164
51 169
51 170
51 175
51 177
51 184
52 90
52 97
52 98
52 102
52 103
52 116
52 124
52 131
52 132
52 158
52 163
52 181
52 188
52 193
52 195
53 94
53 96
53 104
53 105
53 107
53 109
53 112
53 123
53 124
53 127
53 128
53 132
53 138
53 144
53 148
53 152
53 167
53 177
53 179
53 197
53 200
54 91
54 95
54 101
54 113
54 121
54 122
54 125
54 131
54 135
54 155
54 157
54 174
54 175
54 181
54 184
54 190
54 191
54 200
54 201
54 203
55 85
55 89
55 90
55 100
55 117
55 140
55 144
55 150
55 173
55 180
55 183
55 194
55 196
55 200
55 205
56 92
56 93
56 103
56 113
56 116
56 120
56 121
56 125
56 135
56 145
56 151
56 162
56 166
56 168
56 184
56 194
56 202
56 207
57 85
57 101
57 104
57 113
57 118
57 133
57 136
57 143
57 145
57 165
57 192
57 197
57 198
58 101
58 105
58 109
58 115
58 118
58 128
58 130
58 134
58 137
58 152
58 155
58 162
58 191
58 208
59 78
59 79
59 81
59 82
59 95
59 97
59 99
59 101
59 114
59 125
59 128
59 164
59 172
59 174
59 180
59 186
59 192
60 87
60 94
60 102
60 103
60 104
60 110
60 111
60 120
60 127
60 139
60 156
60 169
60 176
60 180
60 184
60 190
60 205
60 209
60 213
60 214
61 76
61 82
61 85
61 89
61 93
61 96
61 113
61 128
61 152
61 154
61 159
61 165
61 166
61 171
61 174
61 179
61 182
61 185
61 186
61 202
61 204
62 73
62 78
62 82
62 84
62 87
62 89
62 96
62 105
62 108
62 121
62 123
62 138
62 146
62 186
62 194
62 197
62 199
62 206
62 211
63 90
63 95
63 96
63 102
63 103
63 109
63 133
63 141
63 153
63 161
63 164
63 175
63 177
63 184
63 187
63 191
63 192
63 194
63 200
63 209
64 76
64 79
64 88
64 97
64 104
64 116
64 128
64 134
64 135
64 142
64 143
64 156
64 158
64 170
64 171
64 180
64 186
64 197
64 209
65 74
65 76
65 86
65 99
65 104
65 107
65 110
65 119
65 121
65 126
65 144
65 157
65 166
65 173
65 176
65 183
65 192
65 194
65 204
65 209
66 64
66 68
66 75
66 80
66 93
66 95
66 97
66 103
66 104
66 107
66 115
66 120
66 126
66 135
66 137
66 153
66 154
66 155
66 161
66 171
66 191
66 203
66 208
67 70
67 72
67 92
67 93
67 97
67 114
67 127
67 141
67 143
67 161
67 178
67 192
67 201
67 221
67 223
68 67
68 71
68 82
68 101
68 121
68 131
68 136
68 148
68 155
68 157
68 161
68 167
68 180
68 183
68 184
68 185
68 219
69 71
69 80
69 87
69 95
69 102
69 103
69 116
69 130
69 168
69 169
69 175
69 184
69 192
69 197
69 203
69 226
70 71
70 74
70 85
70 87
70 88
70 93
70 100
70 111
70 114
70 118
70 126
70 130
70 155
70 157
70 164
70 166
70 190
70 193
70 204
70 226
71 55
71 58
71 62
71 63
71 64
71 65
71 90
71 91
71 93
71 97
71 108
71 122
71 127
71 128
71 153
71 160
71 171
71 172
71 176
71 177
71 185
71 188
71 201
71 223
71 225
72 56
72 70
72 73
72 88
72 103
72 106
72 109
72 111
72 116
72 117
72 121
72 169
72 175
72 199
72 221
72 228
73 60
73 64
73 65
73 71
73 72
73 75
73 77
73 78
73 86
73 87
73 92
73 99
73 108
73 114
73 131
73 157
73 158
73 160
73 164
73 166
73 169
73 171
73 176
73 181
73 191
73 197
73 215
73 218
73 225
74 51
74 56
74 58
74 62
74 63
74 70
74 90
74 97
74 107
74 110
74 120
74 154
74 164
74 172
74 177
74 182
74 189
74 190
74 191
74 223
74 224
74 230
75 57
75 63
75 67
75 69
75 81
75 89
75 94
75 95
75 105
75 121
75 157
75 165
75 166
75 167
75 168
75 176
75 178
75 180
75 189
75 214
75 230
75 231
76 67
76 85
76 96
76 98
76 109
76 110
76 112
76 159
76 168
76 173
76 234
77 47
77 59
77 66
77 76
77 77
77 79
77 104
77 121
77 163
77 176
77 177
77 185
77 187
77 212
77 239
77 242
78 56
78 67
78 68
78 72
78 78
78 88
78 167
78 171
78 184
78 191
78 209
78 213
78 219
78 223
78 230
78 231
79 45
79 46
79 54
79 58
79 60
79 70
79 97
79 101
79 109
79 172
79 175
79 176
79 203
79 217
79 227
80 51
80 58
80 61
80 63
80 67
80 73
80 76
80 90
80 105
80 117
80 169
80 174
80 181
80 183
80 187
80 205
80 224
80 245
81 54
81 60
81 61
81 63
81 65
81 66
81 67
81 75
81 86
81 89
81 91
81 95
81 103
81 111
81 116
81 174
81 175
81 177
81 181
81 186
81 213
81 219
81 226
81 227
81 229
81 243
81 245
81 246
82 42
82 48
82 57
82 63
82 73
82 81
82 85
82 88
82 92
82 97
82 112
82 113
82 115
82 168
82 177
82 213
82 220
82 226
82 229
82 231
82 250
83 38
83 47
83 49
83 50
83 55
83 56
83 57
83 73
83 84
83 91
83 106
83 108
83 113
83 170
83 172
83 174
83 184
83 185
83 198
83 200
83 206
83 240
83 250
84 44
84 47
84 51
84 62
84 64
84 70
84 96
84 106
84 108
84 112
84 179
84 197
84 198
84 206
84 210
84 211
84 221
84 242
84 245
84 253
85 32
85 33
85 43
85 59
85 60
85 61
85 67
85 84
85 86
85 87
85 89
85 91
85 104
85 110
85 196
85 201
85 209
85 235
85 242
86 33
86 48
86 49
86 71
86 77
86 81
86 89
86 101
86 102
86 105
86 181
86 182
86 207
86 212
86 215
86 218
86 222
86 236
86 244
86 246
86 252
87 34
87 56
87 58
87 60
87 71
87 86
87 97
87 105
87 196
87 207
87 213
87 214
87 215
87 218
87 219
87 239
87 255
88 29
88 34
88 44
88 45
88 46
88 47
88 53
88 66
88 93
88 223
88 228
88 239
88 240
88 249
89 26
89 29
89 30
89 31
89 53
89 54
89 55
89 63
89 74
89 76
89 79
89 92
89 99
89 103
89 200
89 203
89 205
89 219
89 221
89 234
89 250
89 252
89 253
90 27
90 32
90 36
90 47
90 53
90 59
90 61
90 66
90 67
90 75
90 93
90 196
90 208
90 213
90 214
90 218
90 219
90 227
90 241
90 255
91 23
91 24
91 31
91 32
91 35
91 36
91 40
91 56
91 61
91 67
91 68
91 70
91 82
91 90
91 91
91 98
91 191
91 213
91 214
91 232
91 233
91 234
91 246
91 257
92 38
92 48
92 53
92 57
92 65
92 76
92 80
92 85
92 90
92 93
92 95
92 97
92 188
92 212
92 225
92 231
92 232
92 235
92 240
92 255
93 29
93 31
93 35
93 36
93 39
93 53
93 65
93 68
93 77
93 187
93 188
93 196
93 198
93 208
93 219
93 230
93 231
93 241
93 242
93 253
94 23
94 50
94 58
94 65
94 73
94 77
94 86
94 87
94 93
94 183
94 186
94 188
94 207
94 209
94 218
94 219
94 220
94 237
94 238
94 242
94 247
95 25
95 45
95 65
95 66
95 74
95 93
95 219
95 220
95 236
95 249
96 29
96 31
96 43
96 52
96 71
96 81
96 82
96 84
96 210
96 213
96 218
96 227
96 241
96 245
97 23
97 26
97 29
97 31
97 37
97 43
97 51
97 59
97 69
97 72
97 75
97 179
97 181
97 186
97 191
97 202
97 209
97 219
97 235
97 237
97 242
97 245
98 32
98 45
98 46
98 66
98 74
98 77
98 80
98 86
98 188
98 189
98 193
98 199
98 201
98 207
98 217
98 229
98 246
98 262
99 24
99 25
99 32
99 34
99 51
99 85
99 187
99 192
99 193
99 197
99 198
99 206
99 207
99 214
99 233
99 263
100 23
100 28
100 50
100 54
100 55
100 57
100 76
100 77
100 177
100 188
100 206
100 209
100 232
100 234
100 238
100 239
100 244
100 257
100 260
101 31
101 32
101 48
101 49
101 52
101 53
101 58
101 63
101 69
101 82
101 176
101 188
101 191
101 195
101 201
101 205
101 206
101 217
101 228
101 234
101 235
102 25
102 29
102 38
102 41
102 42
102 43
102 50
102 65
102 80
102 172
102 187
102 196
102 198
102 214
102 226
102 227
102 228
102 234
102 237
102 240
102 264
103 36
103 41
103 47
103 50
103 54
103 60
103 69
103 172
103 175
103 178
103 186
103 199
103 207
103 209
103 226
103 227
104 59
104 74
104 80
104 180
104 196
104 202
104 205
104 209
104 210
104 235
104 254
104 265
105 22
105 23
105 34
105 35
105 36
105 39
105 42
105 48
105 52
105 58
105 65
105 78
105 82
105 174
105 182
105 191
105 201
105 208
105 212
105 224
105 225
105 229
105 255
106 23
106 27
106 45
106 65
106 73
106 83
106 90
106 171
106 185
106 189
106 206
106 212
106 216
106 218
106 229
106 246
106 247
106 260
106 264
107 29
107 36
107 50
107 52
107 58
107 63
107 65
107 70
107 76
107 77
107 83
107 84
107 179
107 197
107 205
107 208
107 215
107 217
107 229
107 230
107 248
107 256
107 262
108 23
108 29
108 31
108 34
108 52
108 53
108 66
108 76
108 80
108 170
108 185
108 190
108 191
108 198
108 202
108 211
108 226
108 227
108 248
108 264
109 32
109 35
109 44
109 46
109 51
109 54
109 56
109 73
109 77
109 81
109 167
109 169
109 170
109 173
109 176
109 178
109 179
109 193
109 197
109 203
109 207
109 213
109 221
109 222
109 228
109 242
109 245
109 248
109 249
109 250
109 260
109 266
110 22
110 40
110 42
110 52
110 56
110 64
110 83
110 93
110 96
110 166
110 176
110 193
110 203
110 204
110 219
110 223
110 225
110 251
110 252
110 253
110 263
111 32
111 37
111 45
111 76
111 82
111 90
111 91
111 97
111 164
111 165
111 173
111 174
111 175
111 178
111 193
111 210
111 250
112 30
112 37
112 41
112 44
112 45
112 51
112 52
112 68
112 96
112 159
112 167
112 169
112 188
112 190
112 197
112 206
112 212
112 239
112 245
113 28
113 46
113 48
113 59
113 68
113 70
113 75
113 166
113 178
113 183
113 185
113 189
113 196
113 207
113 216
113 217
113 223
113 239
113 243
113 251
113 255
113 256
113 257
113 260
114 22
114 43
114 46
114 53
114 61
114 64
114 71
114 82
114 84
114 88
114 161
114 171
114 172
114 181
114 183
114 190
114 194
114 216
114 217
114 241
114 253
115 34
115 37
115 44
115 46
115 49
115 52
115 76
115 97
115 99
115 167
115 168
115 171
115 177
115 180
115 182
115 186
115 187
115 194
115 198
115 210
115 211
115 217
115 246
115 253
115 260
116 22
116 25
116 62
116 69
116 71
116 77
116 81
116 86
116 89
116 94
116 95
116 97
116 100
116 183
116 184
116 198
116 205
116 209
116 213
116 230
116 236
116 238
116 241
116 247
116 249
116 255
116 257
116 258
117 22
117 40
117 45
117 78
117 95
117 103
117 106
117 153
117 164
117 166
117 171
117 187
117 198
117 232
117 234
117 239
117 244
117 247
117 259
118 32
118 64
118 67
118 73
118 150
118 181
118 185
118 186
118 191
118 199
118 204
118 212
118 214
118 228
118 238
118 244
118 258
119 23
119 26
119 35
119 44
119 45
119 49
119 51
119 58
119 59
119 60
119 62
119 65
119 69
119 78
119 79
119 85
119 94
119 107
119 110
119 149
119 159
119 173
119 174
119 179
119 187
119 189
119 192
119 211
119 212
119 213
119 229
119 236
119 238
119 239
119 245
119 246
119 256
119 260
119 261
119 266
120 24
120 29
120 32
120 57
120 72
120 88
120 92
120 95
120 148
120 159
120 164
120 166
120 188
120 192
120 194
120 196
120 210
120 231
120 232
120 235
120 259
120 260
121 22
121 29
121 35
121 38
121 48
121 56
121 60
121 63
121 65
121 69
121 70
121 85
121 87
121 91
121 99
121 114
121 156
121 160
121 163
121 171
121 174
121 180
121 182
121 184
121 185
121 205
121 209
121 238
121 243
121 256
121 259
121 264
122 54
122 60
122 72
122 77
122 82
122 85
122 87
122 109
122 112
122 145
122 147
122 151
122 154
122 164
122 182
122 183
122 185
122 197
122 201
122 203
122 205
122 226
122 228
122 234
122 235
122 240
123 24
123 30
123 31
123 32
123 38
123 70
123 74
123 75
123 79
123 86
123 89
123 93
123 95
123 100
123 102
123 117
123 163
123 165
123 178
123 183
123 185
123 190
123 194
123 199
123 206
123 228
123 233
123 237
123 239
123 254
123 259
123 260
124 69
124 76
124 77
124 78
124 83
124 90
124 92
124 93
124 97
124 103
124 104
124 143
124 144
124 153
124 154
124 169
124 176
124 177
124 187
124 193
124 205
124 240
124 245
124 248
125 22
125 29
125 30
125 38
125 43
125 51
125 55
125 61
125 63
125 66
125 78
125 88
125 90
125 97
125 101
125 103
125 106
125 113
125 119
125 150
125 159
125 164
125 169
125 174
125 179
125 186
125 196
125 199
125 238
125 241
125 247
125 252
125 255
125 260
125 262
126 28
126 34
126 36
126 39
126 43
126 55
126 56
126 62
126 65
126 68
126 81
126 84
126 96
126 97
126 106
126 112
126 123
126 140
126 144
126 151
126 162
126 163
126 177
126 187
126 195
126 196
126 226
126 264
127 31
127 33
127 36
127 42
127 44
127 47
127 68
127 74
127 95
127 100
127 109
127 111
127 126
127 138
127 150
127 156
127 166
127 177
127 181
127 182
127 190
127 232
127 234
127 254
128 39
128 41
128 51
128 52
128 67
128 76
128 78
128 95
128 106
128 112
128 116
128 141
128 149
128 153
128 154
128 158
128 163
128 165
128 172
128 177
128 184
128 185
128 191
128 196
128 239
128 259
129 25
129 34
129 59
129 63
129 66
129 68
129 70
129 72
129 77
129 92
129 106
129 114
129 115
129 120
129 140
129 142
129 159
129 169
129 176
129 196
129 234
129 235
129 236
129 244
129 248
129 260
130 24
130 40
130 53
130 54
130 59
130 67
130 69
130 73
130 81
130 86
130 89
130 108
130 119
130 123
130 139
130 143
130 162
130 179
130 187
130 190
130 226
130 234
130 235
130 239
130 258
130 260
131 24
131 31
131 38
131 47
131 49
131 66
131 81
131 86
131 104
131 119
131 121
131 145
131 146
131 147
131 157
131 158
131 168
131 187
131 188
131 189
131 190
131 232
131 248
131 250
131 251
131 252
131 255
132 37
132 53
132 65
132 77
132 81
132 103
132 104
132 105
132 107
132 108
132 112
132 113
132 119
132 132
132 158
132 162
132 167
132 172
132 182
132 186
132 190
132 244
132 257
132 258
132 265
133 22
133 24
133 35
133 49
133 75
133 79
133 80
133 81
133 88
133 101
133 115
133 116
133 134
133 135
133 138
133 139
133 142
133 146
133 160
133 181
133 187
133 188
133 243
133 244
133 245
133 253
133 261
134 23
134 25
134 36
134 42
134 49
134 50
134 54
134 56
134 59
134 74
134 84
134 99
134 102
134 106
134 108
134 113
134 116
134 118
134 137
134 152
134 156
134 173
134 177
134 233
134 236
134 255
135 23
135 25
135 43
135 82
135 92
135 111
135 132
135 141
135 143
135 147
135 158
135 162
135 168
135 170
135 174
135 183
135 235
135 240
136 24
136 26
136 27
136 28
136 32
136 40
136 66
136 68
136 71
136 72
136 88
136 93
136 96
136 126
136 130
136 150
136 160
136 166
136 168
136 169
136 170
136 177
136 240
136 244
136 253
136 255
137 49
137 58
137 67
137 72
137 75
137 91
137 105
137 112
137 142
137 146
137 151
137 159
137 163
137 172
137 180
137 232
137 243
137 247
137 252
137 254
137 258
137 261
137 266
138 46
138 48
138 51
138 66
138 75
138 77
138 84
138 93
138 129
138 139
138 143
138 145
138 152
138 173
138 226
138 229
138 235
138 237
138 239
138 248
138 251
138 255
138 256
138 258
138 260
139 24
139 25
139 33
139 39
139 41
139 42
139 53
139 55
139 86
139 98
139 101
139 126
139 131
139 150
139 154
139 155
139 159
139 172
139 225
139 226
139 242
139 246
139 251
139 252
140 31
140 45
140 47
140 49
140 53
140 59
140 82
140 86
140 88
140 95
140 98
140 123
140 131
140 133
140 138
140 144
140 150
140 172
140 173
140 178
140 227
140 236
140 237
140 248
140 252
140 254
140 256
140 257
141 36
141 41
141 49
141 53
141 77
141 80
141 81
141 83
141 93
141 105
141 108
141 122
141 123
141 128
141 165
141 169
141 172
141 173
141 227
141 234
141 237
141 259
142 23
142 34
142 36
142 38
142 45
142 62
142 91
142 107
142 124
142 126
142 127
142 136
142 139
142 166
142 167
142 230
142 250
142 255
142 261
143 22
143 23
143 43
143 47
143 50
143 59
143 63
143 71
143 74
143 75
143 82
143 101
143 130
143 131
143 133
143 136
143 149
143 151
143 163
143 167
143 170
143 226
143 239
143 254
143 260
143 263
144 23
144 30
144 39
144 41
144 44
144 56
144 60
144 63
144 74
144 75
144 77
144 86
144 100
144 117
144 118
144 169
144 230
144 236
144 244
144 246
144 256
144 258
144 262
145 25
145 33
145 34
145 43
145 47
145 51
145 76
145 82
145 85
145 88
145 103
145 118
145 127
145 131
145 139
145 142
145 147
145 154
145 158
145 161
145 164
145 172
145 245
145 247
145 248
145 256
146 22
146 23
146 42
146 52
146 58
146 62
146 79
146 84
146 85
146 89
146 97
146 99
146 101
146 117
146 128
146 129
146 138
146 140
146 148
146 159
146 161
146 169
146 225
146 230
146 242
146 259
147 22
147 27
147 32
147 37
147 39
147 57
147 60
147 77
147 88
147 90
147 92
147 116
147 123
147 124
147 128
147 141
147 142
147 143
147 161
147 163
147 164
147 238
147 244
147 265
148 30
148 32
148 34
148 36
148 51
148 80
148 82
148 93
148 114
148 119
148 123
148 124
148 151
148 158
148 232
148 238
148 242
148 245
148 246
149 40
149 50
149 89
149 91
149 92
149 122
149 131
149 143
149 147
149 148
149 152
149 157
149 241
149 242
149 254
149 257
150 26
150 52
150 56
150 85
150 95
150 109
150 111
150 112
150 127
150 129
150 130
150 140
150 149
150 225
150 233
150 239
150 249
150 253
150 263
150 264
151 27
151 44
151 46
151 52
151 54
151 55
151 95
151 106
151 112
151 114
151 119
151 124
151 125
151 127
151 134
151 147
151 159
151 168
151 227
151 228
151 231
151 242
151 246
151 248
151 250
151 262
151 264
151 266
152 28
152 31
152 34
152 36
152 38
152 51
152 55
152 56
152 62
152 87
152 92
152 105
152 137
152 143
152 153
152 154
152 157
152 168
152 225
152 237
152 243
152 245
152 247
152 250
153 22
153 24
153 31
153 39
153 40
153 44
153 46
153 47
153 54
153 55
153 109
153 115
153 125
153 132
153 136
153 138
153 140
153 151
153 167
153 171
153 241
153 243
153 246
153 261
153 264
154 23
154 26
154 47
154 48
154 62
154 118
154 119
154 131
154 144
154 155
154 165
154 166
154 229
154 242
154 251
154 263
154 264
155 42
155 49
155 50
155 52
155 53
155 111
155 118
155 119
155 160
155 166
155 229
155 243
155 255
155 261
155 266
156 25
156 31
156 37
156 41
156 42
156 47
156 56
156 58
156 62
156 148
156 157
156 167
156 168
156 227
156 233
156 246
156 250
156 261
156 262
156 264
156 265
157 30
157 31
157 37
157 42
157 49
157 52
157 53
157 109
157 111
157 125
157 133
157 134
157 139
157 151
157 156
157 164
157 171
157 172
157 250
157 257
157 258
157 262
157 265
157 266
158 22
158 27
158 30
158 33
158 34
158 37
158 48
158 49
158 53
158 59
158 61
158 100
158 120
158 122
158 126
158 144
158 150
158 152
158 154
158 163
158 168
158 171
158 178
158 228
158 233
158 235
158 242
158 253
158 266
159 32
159 33
159 37
159 41
159 43
159 52
159 59
159 104
159 107
159 109
159 113
159 138
159 149
159 153
159 173
159 174
159 177
159 180
159 238
159 240
159 249
159 252
159 257
160 34
160 44
160 56
160 57
160 63
160 108
160 115
160 117
160 122
160 128
160 132
160 141
160 142
160 143
160 161
160 163
160 166
160 179
160 230
160 235
160 238
160 241
160 255
160 257
160 260
160 263
161 34
161 52
161 53
161 54
161 59
161 61
161 113
161 117
161 122
161 131
161 135
161 137
161 152
161 154
161 157
161 160
161 163
161 176
161 226
161 228
161 235
161 238
161 248
161 263
161 265
162 24
162 38
162 61
162 119
162 161
162 175
162 180
162 246
162 248
163 35
163 36
163 37
163 40
163 42
163 43
163 45
163 58
163 106
163 108
163 118
163 135
163 139
163 143
163 147
163 149
163 155
163 158
163 159
163 184
163 187
163 230
163 236
163 246
163 260
164 33
164 34
164 50
164 122
164 123
164 126
164 127
164 130
164 132
164 134
164 144
164 154
164 158
164 162
164 167
164 170
164 187
164 191
164 232
164 247
164 248
164 251
164 256
164 258
164 264
164 265
165 30
165 53
165 118
165 132
165 139
165 149
165 150
165 158
165 165
165 167
165 169
165 170
165 179
165 180
165 185
165 234
165 235
165 247
165 256
165 264
166 34
166 36
166 40
166 47
166 54
166 56
166 63
166 113
166 114
166 124
166 127
166 128
166 132
166 136
166 149
166 153
166 157
166 161
166 169
166 170
166 181
166 184
166 186
166 228
166 231
166 232
166 259
166 263
167 24
167 36
167 45
167 46
167 59
167 120
167 127
167 133
167 147
167 159
167 164
167 168
167 171
167 173
167 179
167 184
167 185
167 260
168 29
168 48
168 63
168 151
168 152
168 160
168 170
168 183
168 193
168 194
168 195
168 233
168 238
168 244
168 249
169 23
169 29
169 30
169 39
169 43
169 50
169 55
169 57
169 63
169 125
169 141
169 148
169 150
169 158
169 159
169 162
169 176
169 183
169 229
169 230
169 238
169 240
170 32
170 39
170 53
170 56
170 58
170 126
170 131
170 135
170 141
170 146
170 162
170 170
170 171
170 180
170 181
170 191
170 229
170 241
170 246
170 248
170 263
170 266
171 29
171 57
171 121
171 123
171 130
171 134
171 147
171 148
171 154
171 161
171 165
171 167
171 178
171 183
171 188
171 236
171 249
171 251
171 265
171 267
172 26
172 40
172 42
172 47
172 53
172 59
172 122
172 134
172 136
172 139
172 151
172 164
172 166
172 172
172 176
172 181
172 227
172 230
172 231
172 243
172 247
172 255
172 265
172 267
173 24
173 28
173 41
173 47
173 57
173 58
173 127
173 128
173 145
173 147
173 158
173 160
173 174
173 180
173 184
173 186
173 207
173 226
173 240
173 243
173 247
173 253
173 263
174 34
174 51
174 60
174 131
174 134
174 137
174 150
174 166
174 171
174 182
174 185
174 208
174 209
174 240
174 246
175 28
175 47
175 140
175 144
175 151
175 162
175 170
175 176
175 180
175 202
175 228
175 247
175 256
175 259
176 22
176 25
176 48
176 55
176 135
176 141
176 151
176 153
176 164
176 166
176 175
176 180
176 201
176 203
176 239
176 241
176 246
176 249
177 28
177 31
177 35
177 47
177 60
177 132
177 134
177 145
177 146
177 163
177 202
177 208
177 231
177 247
177 250
177 251
177 252
177 267
178 30
178 44
178 47
178 50
178 55
178 58
178 63
178 132
178 147
178 160
178 161
178 172
178 175
178 199
178 203
178 209
178 212
178 232
178 238
178 241
178 245
178 246
179 32
179 35
179 36
179 39
179 40
179 45
179 46
179 48
179 51
179 52
179 56
179 60
179 135
179 136
179 137
179 141
179 150
179 152
179 163
179 171
179 197
179 198
179 199
179 210
179 214
179 236
179 258
179 267
180 31
180 32
180 53
180 58
180 139
180 167
180 169
180 192
180 200
180 201
180 203
180 205
180 212
180 214
180 235
180 240
180 242
180 246
180 250
180 254
181 31
181 43
181 55
181 58
181 156
181 166
181 193
181 213
181 215
181 241
181 250
181 258
182 23
182 26
182 28
182 41
182 42
182 57
182 61
182 143
182 146
182 152
182 156
182 163
182 193
182 195
182 199
182 200
182 206
182 209
182 222
182 238
182 243
182 256
182 257
183 26
183 32
183 39
183 43
183 44
183 53
183 57
183 61
183 63
183 151
183 204
183 206
183 216
183 221
183 225
183 247
183 248
183 256
183 260
183 261
184 26
184 38
184 40
184 41
184 50
184 52
184 55
184 132
184 154
184 161
184 194
184 197
184 200
184 207
184 209
184 210
184 214
184 220
184 223
184 249
184 254
184 255
184 267
185 25
185 28
185 31
185 34
185 40
185 43
185 45
185 51
185 53
185 61
185 140
185 155
185 157
185 158
185 185
185 193
185 196
185 202
185 205
185 207
185 208
185 211
185 212
185 213
185 248
185 255
185 262
186 29
186 36
186 46
186 55
186 62
186 133
186 134
186 135
186 149
186 158
186 162
186 210
186 215
186 220
186 221
186 227
186 228
186 229
186 245
186 257
186 262
187 22
187 24
187 25
187 34
187 38
187 43
187 45
187 61
187 132
187 150
187 193
187 194
187 196
187 200
187 204
187 215
187 224
187 225
187 226
187 250
187 254
187 261
188 28
188 31
188 34
188 46
188 63
188 135
188 152
188 155
188 175
188 184
188 185
188 192
188 195
188 202
188 206
188 211
188 217
188 222
188 225
188 251
189 22
189 25
189 26
189 29
189 31
189 39
189 48
189 49
189 129
189 130
189 143
189 146
189 153
189 156
189 181
189 184
189 192
189 204
189 208
189 215
189 224
189 226
189 229
189 231
189 251
189 259
189 263
189 264
190 30
190 39
190 40
190 50
190 62
190 125
190 133
190 149
190 155
190 174
190 175
190 176
190 177
190 179
190 180
190 203
190 232
190 253
190 257
190 265
190 267
191 22
191 24
191 27
191 31
191 61
191 128
191 135
191 139
191 170
191 177
191 183
191 185
191 187
191 194
191 203
191 218
191 232
191 234
192 22
192 30
192 133
192 134
192 138
192 147
192 149
192 171
192 175
192 177
192 184
192 186
192 200
192 204
192 209
192 212
192 213
192 216
192 218
192 261
193 29
193 36
193 38
193 39
193 60
193 63
193 121
193 125
193 132
193 140
193 141
193 166
193 172
193 178
193 187
193 205
193 215
193 224
193 225
193 227
194 28
194 32
194 39
194 41
194 43
194 46
194 120
194 127
194 132
194 134
194 147
194 170
194 176
194 181
194 188
194 189
194 199
194 214
194 217
194 224
194 234
195 22
195 26
195 38
195 41
195 43
195 135
195 141
195 144
195 146
195 163
195 174
195 176
195 184
195 201
195 221
195 230
196 23
196 26
196 28
196 43
196 59
196 120
196 125
196 126
196 133
196 178
196 199
196 205
196 207
196 214
196 219
196 222
196 230
196 240
196 245
196 265
197 37
197 43
197 44
197 46
197 50
197 55
197 122
197 124
197 125
197 126
197 127
197 137
197 185
197 190
197 192
197 198
197 202
197 205
197 206
197 207
197 209
197 220
197 221
197 233
197 241
197 249
198 31
198 33
198 34
198 47
198 59
198 121
198 133
198 135
198 169
198 181
198 204
198 211
198 223
198 235
198 242
198 245
198 248
198 250
198 265
198 266
199 22
199 33
199 39
199 45
199 117
199 118
199 120
199 123
199 126
199 136
199 137
199 168
199 174
199 184
199 187
199 190
199 196
199 208
199 210
199 212
199 226
199 230
199 231
199 242
199 250
199 251
200 29
200 45
200 59
200 117
200 133
200 134
200 135
200 172
200 177
200 179
200 182
200 195
200 199
200 219
200 232
200 246
201 25
201 46
201 57
201 58
201 60
201 132
201 189
201 194
201 196
201 203
201 206
201 207
201 222
201 226
201 228
201 232
201 238
201 243
201 246
201 247
201 256
202 27
202 30
202 41
202 49
202 113
202 114
202 119
202 180
202 203
202 213
202 223
202 224
202 226
202 227
202 238
202 250
202 256
202 257
203 27
203 30
203 42
203 52
203 57
203 58
203 61
203 113
203 123
203 127
203 130
203 176
203 178
203 189
203 190
203 216
203 217
203 221
203 230
203 238
204 28
204 35
204 40
204 41
204 44
204 51
204 58
204 61
204 112
204 116
204 128
204 184
204 191
204 192
204 195
204 201
204 210
204 220
204 227
204 245
204 249
204 250
204 251
205 22
205 32
205 40
205 51
205 109
205 113
205 190
205 194
205 200
205 208
205 210
205 212
205 215
205 219
205 227
205 233
205 237
205 243
205 247
205 256
205 260
206 36
206 49
206 116
206 181
206 182
206 188
206 203
206 210
206 213
206 222
206 226
206 234
206 235
206 238
206 246
206 251
206 255
207 24
207 29
207 38
207 40
207 48
207 55
207 63
207 64
207 65
207 104
207 105
207 119
207 120
207 188
207 189
207 191
207 207
207 209
207 213
207 215
207 225
207 228
207 231
207 239
207 257
207 262
208 30
208 39
208 47
208 58
208 61
208 64
208 102
208 194
208 201
208 202
208 205
208 209
208 214
208 222
208 229
208 244
208 252
208 253
208 256
208 258
209 29
209 39
209 50
209 56
209 70
209 100
209 101
209 104
209 116
209 119
209 184
209 196
209 197
209 198
209 204
209 212
209 214
209 224
209 226
209 235
209 254
209 256
209 262
210 26
210 29
210 34
210 57
210 59
210 63
210 100
210 108
210 187
210 201
210 209
210 211
210 216
210 223
210 231
210 237
210 240
210 241
210 244
210 247
210 255
211 30
211 32
211 33
211 35
211 38
211 49
211 55
211 68
211 71
211 109
211 116
211 117
211 204
211 208
211 210
211 213
211 215
211 217
211 219
211 224
211 227
211 230
211 232
211 238
211 244
211 260
211 261
211 265
212 34
212 36
212 45
212 47
212 55
212 61
212 65
212 71
212 77
212 97
212 107
212 114
212 115
212 204
212 210
212 214
212 220
212 235
212 237
212 238
212 240
212 242
212 246
212 257
212 261
212 265
213 22
213 24
213 29
213 38
213 46
213 47
213 48
213 53
213 56
213 74
213 95
213 103
213 209
213 211
213 216
213 217
213 255
213 258
214 32
214 57
214 58
214 59
214 111
214 197
214 222
214 224
214 231
215 24
215 25
215 32
215 33
215 39
215 41
215 46
215 50
215 51
215 57
215 64
215 98
215 99
215 107
215 111
215 204
215 259
215 260
216 31
216 40
216 46
216 57
216 60
216 72
216 93
216 105
216 218
216 222
216 227
216 230
216 232
216 247
216 252
216 253
216 255
217 23
217 41
217 50
217 53
217 54
217 55
217 63
217 94
217 100
217 106
217 200
217 210
217 222
217 223
217 228
217 231
217 233
217 243
217 245
217 248
217 252
218 32
218 46
218 61
218 93
218 95
218 207
218 208
218 215
218 222
218 233
218 235
218 245
219 31
219 32
219 34
219 42
219 44
219 45
219 69
219 74
219 77
219 96
219 201
219 206
219 207
219 210
219 229
219 234
219 240
219 264
220 57
220 72
220 88
220 96
220 99
220 101
220 203
220 208
220 213
220 216
220 228
220 232
220 242
220 261
220 262
221 23
221 32
221 36
221 38
221 49
221 53
221 66
221 74
221 86
221 99
221 200
221 216
221 221
221 226
221 228
221 237
221 240
221 244
221 253
221 262
221 263
221 264
222 25
222 40
222 64
222 65
222 75
222 89
222 199
222 203
222 212
222 226
222 233
222 258
223 22
223 25
223 26
223 27
223 37
223 38
223 40
223 46
223 58
223 71
223 85
223 87
223 198
223 208
223 219
223 225
223 229
223 230
223 236
223 248
223 250
223 256
223 263
223 264
224 23
224 31
224 40
224 52
224 53
224 68
224 84
224 86
224 91
224 207
224 220
224 223
224 228
224 231
224 237
224 242
224 248
224 252
224 257
225 30
225 31
225 37
225 45
225 52
225 56
225 57
225 62
225 65
225 91
225 195
225 207
225 209
225 210
225 216
225 223
225 227
225 230
225 231
225 243
225 249
225 252
225 256
226 23
226 29
226 36
226 46
226 59
226 65
226 83
226 85
226 90
226 191
226 194
226 202
226 204
226 220
226 223
226 259
226 260
226 263
227 28
227 29
227 40
227 41
227 49
227 50
227 55
227 58
227 63
227 69
227 86
227 206
227 207
227 212
227 218
227 223
227 231
227 238
227 247
227 248
227 256
228 22
228 38
228 40
228 62
228 68
228 76
228 100
228 199
228 202
228 227
228 231
228 232
228 238
228 239
228 240
228 243
228 250
228 257
228 265
229 28
229 31
229 44
229 51
229 55
229 56
229 65
229 77
229 83
229 85
229 101
229 211
229 213
229 220
229 224
229 237
229 248
229 260
229 261
230 22
230 31
230 32
230 37
230 38
230 40
230 42
230 44
230 75
230 79
230 81
230 96
230 108
230 184
230 185
230 186
230 187
230 195
230 198
230 212
230 224
230 229
230 233
230 240
230 248
230 250
230 254
230 260
231 31
231 38
231 45
231 50
231 61
231 102
231 105
231 108
231 189
231 199
231 202
231 211
231 216
231 226
231 235
231 240
231 248
231 250
231 256
232 28
232 47
232 52
232 62
232 74
232 78
232 95
232 107
232 109
232 181
232 182
232 187
232 192
232 198
232 222
232 229
232 239
232 241
232 249
232 250
233 31
233 35
233 41
233 48
233 55
233 70
233 78
233 92
233 99
233 197
233 198
233 202
233 204
233 208
233 220
233 227
233 230
233 246
233 261
234 33
234 37
234 45
234 70
234 72
234 88
234 96
234 100
234 101
234 109
234 110
234 178
234 185
234 209
234 213
234 215
234 216
234 223
234 241
234 242
234 247
234 258
235 28
235 31
235 89
235 98
235 107
235 115
235 178
235 182
235 217
235 224
235 231
235 234
235 247
235 253
235 256
236 56
236 58
236 84
236 85
236 92
236 93
236 99
236 107
236 109
236 182
236 185
236 199
236 205
236 220
236 227
236 233
236 235
236 254
237 36
237 42
237 48
237 51
237 57
237 58
237 83
237 88
237 98
237 101
237 102
237 104
237 106
237 112
237 113
237 175
237 189
237 196
237 198
237 206
237 220
237 227
237 237
238 53
238 83
238 92
238 100
238 104
238 106
238 110
238 118
238 122
238 191
238 194
238 226
238 232
238 237
238 251
238 252
239 36
239 44
239 50
239 67
239 85
239 88
239 92
239 97
239 99
239 104
239 114
239 124
239 176
239 186
239 195
239 200
239 218
239 244
239 247
239 248
240 38
240 43
240 50
240 77
240 80
240 90
240 101
240 104
240 105
240 174
240 180
240 181
240 182
240 184
240 228
240 238
240 241
240 242
240 249
241 42
241 50
241 51
241 62
241 64
241 79
241 82
241 86
241 96
241 118
241 127
241 173
241 180
241 182
241 193
241 196
241 198
241 199
241 206
241 215
241 216
241 222
241 244
241 246
242 78
242 81
242 83
242 93
242 100
242 106
242 118
242 121
242 124
242 127
242 168
242 171
242 183
242 185
242 194
242 195
242 205
242 212
242 214
242 215
242 218
242 228
242 233
243 48
243 76
243 88
243 179
243 187
243 191
243 207
243 214
243 222
243 224
244 57
244 70
244 75
244 79
244 91
244 97
244 107
244 114
244 124
244 129
244 132
244 171
244 173
244 188
244 198
244 212
244 223
244 240
244 242
245 70
245 79
245 80
245 91
245 92
245 96
245 127
245 134
245 170
245 173
245 175
245 180
245 181
245 196
245 200
245 204
245 214
245 224
245 232
246 86
246 113
246 115
246 116
246 129
246 130
246 132
246 133
246 161
246 164
246 166
246 173
246 179
246 181
246 184
246 189
246 196
246 198
246 205
246 212
246 215
246 217
246 222
246 225
247 52
247 74
247 80
247 92
247 105
247 113
247 114
247 130
247 132
247 163
247 172
247 183
247 184
247 194
247 198
247 199
247 201
247 211
247 216
247 218
247 223
247 227
248 64
248 83
248 106
248 114
248 123
248 125
248 126
248 136
248 164
248 173
248 177
248 186
248 214
248 215
248 216
248 220
248 231
249 61
249 68
249 70
249 75
249 80
249 83
249 92
249 95
249 103
249 118
249 135
249 139
249 154
249 161
249 162
249 174
249 175
249 176
249 183
249 184
249 189
249 195
249 203
249 213
249 220
249 223
249 228
249 230
250 62
250 70
250 74
250 91
250 104
250 106
250 139
250 141
250 142
250 143
250 156
250 157
250 171
250 173
250 176
250 190
250 206
250 211
250 215
250 221
251 64
251 72
251 75
251 90
251 95
251 114
251 126
251 144
251 151
251 156
251 175
251 192
251 202
251 209
251 212
251 227
252 60
252 62
252 74
252 81
252 85
252 102
252 109
252 113
252 120
252 132
252 135
252 137
252 146
252 147
252 148
252 150
252 154
252 172
252 178
252 180
252 193
252 205
252 207
252 210
252 218
252 220
252 221
253 71
253 77
253 89
253 92
253 94
253 98
253 103
253 109
253 115
253 139
253 147
253 151
253 163
253 166
253 171
253 174
253 185
253 208
253 211
254 65
254 66
254 76
254 85
254 90
254 116
254 123
254 125
254 133
254 134
254 135
254 147
254 153
254 184
254 189
254 191
254 198
254 200
254 222
255 81
255 93
255 95
255 99
255 111
255 116
255 132
255 134
255 146
255 150
255 157
255 160
255 180
255 194
256 70
256 77
256 87
256 88
256 93
256 102
256 107
256 113
256 131
256 145
256 156
256 158
256 166
256 174
256 176
256 195
256 203
256 207
256 209
256 210
256 216
257 74
257 88
257 111
257 113
257 116
257 118
257 123
257 125
257 126
257 127
257 128
257 130
257 134
257 141
257 142
257 143
257 146
257 153
257 173
257 183
257 199
257 216
258 68
258 73
258 80
258 100
258 101
258 121
258 124
258 129
258 134
258 136
258 139
258 140
258 146
258 154
258 157
258 174
258 190
258 191
258 192
259 75
259 76
259 78
259 94
259 97
259 113
259 117
259 122
259 133
259 136
259 139
259 142
259 154
259 180
259 192
259 194
259 199
259 202
259 203
259 204
259 207
260 73
260 74
260 99
260 104
260 105
260 110
260 112
260 125
260 129
260 135
260 136
260 144
260 147
260 152
260 153
260 158
260 159
260 160
260 172
260 180
260 181
260 183
260 200
260 202
260 213
261 80
261 92
261 102
261 103
261 104
261 105
261 106
261 118
261 120
261 129
261 130
261 131
261 146
261 156
261 167
261 175
261 180
261 188
261 200
261 201
262 81
262 84
262 108
262 115
262 130
262 144
262 146
262 155
262 156
262 159
262 163
262 164
262 175
262 180
262 197
262 207
262 211
263 87
263 98
263 100
263 111
263 129
263 132
263 141
263 146
263 151
263 160
263 163
263 166
263 176
263 199
263 200
263 206
264 91
264 96
264 108
264 113
264 114
264 138
264 143
264 145
264 146
264 151
264 162
264 174
264 175
264 192
264 206
265 90
265 101
265 106
265 107
265 110
265 114
265 116
265 139
265 147
265 148
265 155
265 160
265 165
265 173
265 178
265 181
265 184
265 189
265 193
265 194
265 203
265 204
266 84
266 85
266 86
266 95
266 97
266 111
266 124
266 125
266 130
266 142
266 144
266 160
266 170
266 187
266 188
266 193
266 198
266 202
267 89
267 108
267 116
267 123
267 151
267 152
267 153
267 155
267 169
267 179
267 190
268 103
268 159
268 167
268 176
268 197
269 87
269 93
269 96
269 101
269 105
269 116
269 123
269 125
269 128
269 136
269 147
269 175
269 177
269 180
269 185
269 190
269 194
270 91
270 97
270 105
270 106
270 110
270 111
270 114
270 115
270 118
270 124
270 126
270 153
270 156
270 157
270 159
270 161
270 162
270 165
270 166
270 167
270 179
270 181
271 92
271 98
271 99
271 109
271 111
271 120
271 128
271 134
271 139
271 144
271 158
271 159
271 175
271 178
271 194
271 196
272 98
272 99
272 127
272 128
272 133
272 134
272 136
272 143
272 144
272 154
273 107
273 119
273 124
273 133
273 136
273 140
273 142
273 143
273 144
273 153
273 158
273 162
273 183
273 187
274 97
274 104
274 119
274 121
274 142
274 146
274 147
274 152
274 169
274 175
274 177
274 184
274 187
275 103
275 115
275 127
275 130
275 140
275 144
275 145
275 151
275 166
275 167
275 173
275 174
275 178
275 182
276 105
276 108
276 119
276 125
276 146
276 152
276 159
276 172
276 176
276 181
277 109
277 110
277 111
277 117
277 124
277 127
277 140
277 159
277 173
277 182
277 185
278 104
278 126
278 145
278 148
278 155
278 165
278 170
278 179
279 110
279 123
279 133
279 162
279 169
279 178
280 121
280 130
280 132
280 156
280 162
280 165
280 174
280 179
281 136
281 138
281 144
281 154
281 156
281 158
281 160
282 110
282 114
282 125
282 130
282 133
282 139
282 146
282 152
282 155
282 156
283 139
283 145
283 149
283 151
283 155
284 123
284 129
284 145
284 148
284 164
284 171
285 132
285 136
285 137
285 144
285 146
285 152
286 123
286 131
286 140
286 149
286 151
286 153
286 160
287 119
287 120
287 127
287 147
287 148
288 123
288 129
288 132
288 150
288 154
289 125
289 129
289 134
289 138
289 143
289 145
289 146
289 154
290 126
290 134
290 135
290 146
290 148
290 152
290 163
291 126
291 142
291 144
291 145
291 157
291 159
292 133
292 135
292 141
292 145
292 150
292 158
292 159
293 129
293 137
293 140
293 143
293 148
293 151
293 158
294 131
295 134
295 140
295 151
295 153
296 135
296 148
296 150
297 142
298 148
299 139
299 140
299 143
39 127
